seed1: 15.444690426564858
seed2: 31.372392715331912
seed3: 14.133522494640273
seed4: 30.88540887532904
seed5: 30.369132972516223
seed6: 27.955398976729313
seed7: 33.30476060595842
seed8: 39.26854638489444
seed9: 31.951496050535777
seed10: 36.07508974212019
avg error: 29.07604392446205
std error: 7.743330723987288
