seed1: 15.165772469299856
seed2: 31.28030273256829
seed3: 14.220642388904489
seed4: 31.300676731795228
seed5: 30.525434102188058
seed6: 27.082016985352148
seed7: 33.71195488887925
seed8: 39.678631664381925
seed9: 33.11956926008503
seed10: 36.75720964204498
avg error: 29.284221086549923
std error: 7.993039434070479
