seed1: 15.19658142255862
seed2: 31.391551866009596
seed3: 14.134530373200052
seed4: 30.8391243995568
seed5: 30.367793544575036
seed6: 27.969889630169956
seed7: 33.322194056679045
seed8: 39.26720181000164
seed9: 32.00813201879596
seed10: 36.11124131790743
avg error: 29.06082404394541
std error: 7.792488994156683
