seed1: 0.0003951046616506522
seed2: 0.00048741227324436084
seed3: 0.001172042214935123
seed4: 0.0005775954723045967
seed5: 0.000372630867634752
seed6: 0.0004696256208353372
seed7: 0.00026810228586748733
seed8: 0.0005264289693207569
seed9: 0.00040503449377007086
seed10: 0.0005890413536464126
avg error: 0.000526301821320955
std error: 0.00023462156121346412
