seed1: 1.414161795509184
seed2: 1.413628104716654
seed3: 1.4146243939504701
seed4: 1.4155756206118275
seed5: 1.4151706560410688
seed6: 1.4136387299594666
seed7: 1.4139665551000056
seed8: 1.4137535186115724
seed9: 1.4143332260089916
seed10: 1.414581867075782
avg error: 1.4143434467585023
std error: 0.0006220777571101415
