seed1: 13.899318525862226
seed2: 31.22292685111032
seed3: 13.694923400653712
seed4: 28.652749969807775
seed5: 32.44292856880071
seed6: 26.696022195225478
seed7: 30.84659910783396
seed8: 38.00981724102132
seed9: 31.401771893816193
seed10: 34.83631634287855
avg error: 28.170337409701027
std error: 7.759087829424005
