seed1: 15.509611548547605
seed2: 31.361946098987023
seed3: 14.007630677226988
seed4: 30.780817702857888
seed5: 30.417181883225155
seed6: 28.032750691094083
seed7: 33.28934983107655
seed8: 39.31066143787967
seed9: 32.10261512576379
seed10: 36.151924753258925
avg error: 29.096448974991766
std error: 7.7707611002373485
