seed1: 15.429279217687583
seed2: 31.350796025368613
seed3: 14.041611450500278
seed4: 30.763472592743653
seed5: 30.368679751521952
seed6: 28.002317195120632
seed7: 33.27971506848414
seed8: 39.26586739305858
seed9: 32.08835088631565
seed10: 36.09203610216081
avg error: 29.06821256829619
std error: 7.764759722327616
