seed1: 16.90061419233302
seed2: 26.266476708021944
seed3: 7.652384964966091
seed4: 55.36987152110819
seed5: 30.41028534413894
seed6: 39.925372533834604
seed7: 26.769923223822367
seed8: 58.42442040159148
seed9: 26.790458777949397
seed10: 27.044165333798908
avg error: 31.555397300156493
std error: 14.968257461787267
