final result: [6.340190601348877, 6.340690326690674, 6.343143177032471, 6.346255970001221, 0.3576575100421906, 6.34591646194458, 0.764890480041504, 6.34583158493042, 0.764890480041504, 6.345327091217041]
mean: 4.629
std: 2.621
mean+std: 7.25
mean-std: 2.009
final result: [0.1271480798721314, 0.1271480798721314, 0.1271480798721314, 0.1271480798721314, 0.6214273601770401, 0.1271480798721314, 0.6122637122869492, 0.1271480798721314, 0.6177410066127778, 0.1271480798721314]
mean: 0.2741
std: 0.2246
mean+std: 0.4987
mean-std: 0.04959
