final result: [0.07337321043014522, 0.14756329059600826, 0.6008731842041015, 2.2612497329711916, 0.6838220536708832, 1.9693395614624023, 1.2967201948165894, 1.8916165351867675, 1.5718974351882935, 1.4828277349472045]
mean: 1.198
std: 0.7366
mean+std: 1.935
mean-std: 0.4613
