seed1: 15.696284517810419
seed2: 31.13218986181374
seed3: 13.641965882632501
seed4: 31.193719931404402
seed5: 30.414434308148504
seed6: 28.136932513294244
seed7: 33.347100636327184
seed8: 38.60082149655192
seed9: 31.999865253946
seed10: 36.01078177815747
