seed1: 17.150369797710283
seed2: 27.57965373199191
seed3: 50.97665085619763
seed4: 24.924472365654776
seed5: 33.6747894317343
seed6: 33.27179895376131
seed7: 36.469387880200514
seed8: 154.21688174769113
seed9: 26.48875247316515
seed10: 45.65197409696062
