seed1: 15.429272037763855
seed2: 31.350780547378655
seed3: 14.04214818061569
seed4: 30.763393917126393
seed5: 30.36872333915367
seed6: 28.00235137962728
seed7: 33.27971999651693
seed8: 39.26584786280199
seed9: 32.08835462943588
seed10: 36.0920494130311
