seed1: 15.431524448687151
seed2: 31.340505726187548
seed3: 14.004042180263369
seed4: 30.754362040656147
seed5: 30.366957658006598
seed6: 27.99446413897303
seed7: 33.279807820581404
seed8: 39.27261472467123
seed9: 32.09980944726585
seed10: 36.08771812886691
