seed1: 20.30540644665143
seed2: 41.809370211376596
seed3: 18.577386737623527
seed4: 28.845959405079768
seed5: 30.23595484291326
seed6: 139.34254753643097
seed7: 33.62222747080873
seed8: 21.00995022486054
seed9: 23.832308581563538
seed10: 43.754807612089074
