seed1: 16.14217692923947
seed2: 30.1780086903021
seed3: 13.81372593749303
seed4: 29.794443914211765
seed5: 30.400814639774712
seed6: 27.934504264220276
seed7: 32.889107617260336
seed8: 36.680334957272876
seed9: 31.40789040997257
seed10: 36.88193210199823
