seed1: 16.945174101712425
seed2: 28.497622976850312
seed3: 14.004425774134717
seed4: 23.390831103310116
seed5: 40.0203222921913
seed6: 33.65141312457916
seed7: 44.8637154223361
seed8: 10.043527706280344
seed9: 29.145977632471094
seed10: 44.83876230376682
avg error: 28.540177243763242
std error: 11.852269907498808
