seed1: 15.710928302327789
seed2: 31.109656465727316
seed3: 13.627838366453402
seed4: 29.88905710583232
seed5: 30.435162737248778
seed6: 28.05514496471655
seed7: 33.296742642961284
seed8: 38.408238172487266
seed9: 30.815175120777702
seed10: 36.04628802995195
