seed1: 15.532326739945834
seed2: 31.601845839228567
seed3: 13.982276600273297
seed4: 30.671679467899185
seed5: 30.408263832938758
seed6: 28.0082769028557
seed7: 33.26609890141511
seed8: 40.438034651730966
seed9: 32.21624806821289
seed10: 35.88684902159653
