seed1: 14.934803030796202
seed2: 26.87426100125532
seed3: 16.366796861507538
seed4: 64.87834360683858
seed5: 30.625714991089975
seed6: 27.027578427340632
seed7: 32.86790239023851
seed8: 20.151629645603222
seed9: 26.90369845480452
seed10: 43.86184790367373
