seed1: 15.837265874175165
seed2: 31.862177963843152
seed3: 13.785493156469334
seed4: 30.170543644983507
seed5: 30.28079255694999
seed6: 28.286859619582252
seed7: 33.758234250466344
seed8: 40.37237248043293
seed9: 31.614241746488762
seed10: 35.5275774185419
avg error: 29.149555871193336
std error: 7.859017294488636
