seed1: 15.195777016671592
seed2: 31.3927777604551
seed3: 14.134849644355056
seed4: 30.840654931820854
seed5: 30.367812508411248
seed6: 27.969835713076865
seed7: 33.32249259268001
seed8: 39.267313054369964
seed9: 32.00677114090644
seed10: 36.111809618308975
