seed1: 19.366031284062224
seed2: 39.67642390872432
seed3: 17.344320877532745
seed4: 42.573157935744526
seed5: 48.28228201732203
seed6: 41.3860594822684
seed7: 52.961762038196056
seed8: 20.319534460484356
seed9: 50.13328616809217
seed10: 35.1035165616044
avg error: 36.71463747340313
std error: 12.610847034694432
