seed1: 15.402083099435215
seed2: 31.36623516942833
seed3: 14.05073704059738
seed4: 30.754294589581505
seed5: 30.33443604364203
seed6: 27.963712788216544
seed7: 33.242369287674094
seed8: 39.25213722904393
seed9: 32.10091965877399
seed10: 36.06602555394805
