seed1: 13.921021701714583
seed2: 31.25636503418474
seed3: 12.360126005631038
seed4: 30.148885202121
seed5: 29.99924248777718
seed6: 27.31189277880475
seed7: 33.28615799685924
seed8: 39.20438548994156
seed9: 31.999429063202353
seed10: 35.84656533240682
