seed1: 13.89578714793691
seed2: 31.2232528035645
seed3: 13.694416876633545
seed4: 28.65091561823991
seed5: 32.446434126157136
seed6: 26.694396792123186
seed7: 30.84496371765396
seed8: 38.01063825316351
seed9: 31.401686139718013
seed10: 34.83575667083145
