seed1: 6.569389055522755
seed2: 6.178831009557807
seed3: 4.579704242825183
seed4: 26.249289747153245
seed5: 22.842823844235916
seed6: 15.644797854895486
seed7: 29.180678068590723
seed8: 33.23237528826435
seed9: 25.99884146863252
seed10: 7.744297508491915
