seed1: 5.947906123892816
seed2: 4.551644895530602
seed3: 3.817239136924648
seed4: 31.094669545693698
seed5: 21.264140658098658
seed6: 27.179069096616193
seed7: 29.18987483338896
seed8: 23.123729334520746
seed9: 33.107371221799184
seed10: 19.244385398252767
