seed1: 1.4142135520790269
seed2: 1.4142135778745135
seed3: 1.4142135814370191
seed4: 1.4142135875356505
seed5: 1.4142135535465985
seed6: 1.4142135601659427
seed7: 1.4142135618735499
seed8: 1.4142135740401107
seed9: 1.414213571633065
seed10: 1.4142135469354487
avg error: 1.4142135667120925
std error: 1.302994840307703e-08
