seed1: 19.36561692076544
seed2: 39.67673174921577
seed3: 17.344569751304718
seed4: 42.57868768374622
seed5: 48.28359120869425
seed6: 41.41183451514289
seed7: 52.96339191474917
seed8: 20.320229484715387
seed9: 50.13658623062086
seed10: 35.096196844985315
