seed1: 16.90723142328881
seed2: 26.266630998653202
seed3: 7.6524878276195745
seed4: 55.37221239180872
seed5: 30.41026370098802
seed6: 39.925723333714956
seed7: 26.769808594997688
seed8: 58.42221376356759
seed9: 26.791121787067883
seed10: 27.04385453910359
