seed1: 3.0947113768012317e-09
seed2: 2.634323838580909e-09
seed3: 2.946680881912218e-09
seed4: 2.8573393238235976e-09
seed5: 4.040533782846172e-09
seed6: 2.6501846957909294e-09
seed7: 6.039262344595182e-10
seed8: 4.3951151150817393e-10
seed9: 7.210703963292157e-10
seed10: 2.3308123971586512e-09
