seed1: 5.973849435972658
seed2: 4.621120569674471
seed3: 3.817350459341496
seed4: 31.094927527676624
seed5: 21.264154035318054
seed6: 27.17900870761954
seed7: 29.18971118279697
seed8: 23.123753361428694
seed9: 33.10744706476873
seed10: 19.24446879596439
