seed1: 8.35585781070825
seed2: 3.775419029405715
seed3: 3.386068705005773
seed4: 26.958633151749197
seed5: 23.18978575143512
seed6: 17.558416834279836
seed7: 28.176673389213263
seed8: 30.964524507454893
seed9: 25.95019038254743
seed10: 8.377795112984728
