seed1: 15.837075184886695
seed2: 31.861371061583593
seed3: 13.784094105451018
seed4: 30.74210014654727
seed5: 30.28311553374485
seed6: 27.64706718532384
seed7: 32.92369503328934
seed8: 38.85244786315026
seed9: 31.613079016377032
seed10: 35.52106810488292
avg error: 28.906511323523688
std error: 7.6237574284937795
