seed1: 13.921144548727804
seed2: 31.256508908526296
seed3: 12.3603691083626
seed4: 30.148770661041397
seed5: 29.999207690128948
seed6: 27.312024936258922
seed7: 33.286372132620606
seed8: 39.20452799506719
seed9: 31.999427300193663
seed10: 35.84663182117093
seed1: 13.921144548727804
avg error: 27.20510269552965
std error: 8.968735349059168
