final result: [0.2467784461117586, 0.2467784461117586, 0.6471222867709463, 1.6199338340212892, 0.8423337272029328, 1.6199338340212621, 1.2141896797971563, 1.619933834021287, 1.2141896797971736, 1.6199338340212777]
mean: 1.089
std: 0.5323
mean+std: 1.621
mean-std: 0.5568
