final result: [0.44696835485150344, 0.2467784462319247, 0.6471222866636568, 1.619933835108333, 0.8423337258626737, 1.619933832925691, 1.2141896868413393, 1.6199338329593835, 1.2141896786106159, 1.6199338342030967]
mean: 1.109
std: 0.5032
mean+std: 1.612
mean-std: 0.6059
