final result: [5.321291523595096e+33, 0.24677845023631928, 0.6471222924169819, 1.620462361344629, 0.8484042029887593, 2.069475273712756, 1.1967321745354214, 1.991752279136015, 1.4604687164884502, 1.583317241035734]
mean: 5.321e+32
std: 1.596e+33
mean+std: 2.129e+33
mean-std: -1.064e+33
